solver_type L2R_L2LOSS_SVC_DUAL
nr_class 3
label -1 0 1
nr_feature 18
bias -1
w
-0.03042887072863531 -0.1174408951605385 0.1014132921302559 
-0.05211025255878006 -0.00870273709707594 0.0358576689768206 
-0.1517201524616149 0.0452231826682817 0.07428813909192621 
0 0 0 
0 0 0 
0.003084985216334886 -0.00438997779518434 -0.007073806178099605 
0 0 0 
-0.04492069389952442 0.009586942770833306 0.0005258700358358784 
-0.01178718219098722 -0.009479337334622844 0.00250166064532292 
0.002352928319667177 0.005976609835496822 -0.002971866049726954 
0.002068994857965255 0.01749246747514468 -0.02627561898496053 
-0.122993470801189 -0.04001619519705883 0.1330704011437195 
-0.0002723611899126074 -0.0006918173209285458 0.0003440057934616947 
-0.0002723611899126074 -0.0006918173209285458 0.0003440057934616947 
0.02232243918000631 0.01112826381817607 -0.02803502632295946 
0 0 0 
0.04648114835525781 0.03111112398556723 -0.03036785755176726 
-0.04788025429574426 0.3547719764959166 -0.19983285233169 
